2		0.10			0.87
2		1.00			0.87
2		10.00			0.87
2		100.00			0.87
2		1000.00			0.80
2		10000.00		0.80
2		100000.00		0.80
3		0.10			0.93
3		1.00			0.93
3		10.00			0.87
3		100.00			0.87
3		1000.00			0.80
3		10000.00		0.80
3		100000.00		0.80
4		0.10			1.00
4		1.00			1.00
4		10.00			1.00
4		100.00			0.93
4		1000.00			0.93
4		10000.00		0.93
4		100000.00		0.93
5		0.10			1.00
5		1.00			0.93
5		10.00			0.93
5		100.00			0.93
5		1000.00			0.93
5		10000.00		0.93
5		100000.00		0.93
6		0.10			1.00
6		1.00			1.00
6		10.00			1.00
6		100.00			0.93
6		1000.00			0.93
6		10000.00		0.87
6		100000.00		0.93
7		0.10			1.00
7		1.00			1.00
7		10.00			1.00
7		100.00			1.00
7		1000.00			0.80
7		10000.00		0.87
7		100000.00		0.87
8		0.10			1.00
8		1.00			1.00
8		10.00			1.00
8		100.00			1.00
8		1000.00			0.87
8		10000.00		0.80
8		100000.00		0.87
